1238
1	14
2	14
3	14
4	14
5	14
6	14
7	14
8	14
9	14
10	14
11	14
12	14
13	14
14	14
15	14
16	14
17	14
18	14
19	14
20	14
21	14
22	14
23	14
24	14
25	14
26	14
27	14
28	14
29	14
30	14
31	14
32	14
33	14
34	14
35	14
36	14
37	14
38	14
39	14
40	14
41	14
42	14
43	14
44	14
45	14
46	14
47	14
48	14
49	14
50	14
51	14
52	14
53	14
54	14
55	14
56	14
57	14
58	14
59	14
60	14
61	14
62	14
63	14
64	14
65	14
66	14
67	14
68	14
1	13
2	13
3	13
4	13
5	13
6	13
7	13
8	13
9	13
10	13
11	13
12	13
13	13
14	13
15	13
16	13
17	13
18	13
19	13
20	13
21	13
22	13
23	13
24	13
25	13
26	13
27	13
28	13
29	13
30	13
31	13
32	13
33	13
34	13
35	13
36	13
37	13
38	13
39	13
40	13
41	13
42	13
43	13
44	13
45	13
46	13
47	13
48	13
49	13
50	13
51	13
52	13
53	13
54	13
55	13
56	13
57	13
58	13
59	13
60	13
61	13
62	13
63	13
64	13
65	13
66	13
67	13
68	13
1	12
2	12
3	12
4	12
5	12
6	12
7	12
8	12
10	12
11	12
12	12
13	12
14	12
15	12
16	12
17	12
18	12
19	12
20	12
21	12
22	12
23	12
24	12
25	12
26	12
27	12
28	12
29	12
30	12
31	12
32	12
33	12
34	12
35	12
36	12
37	12
38	12
39	12
40	12
41	12
42	12
43	12
44	12
45	12
46	12
47	12
48	12
49	12
50	12
51	12
52	12
53	12
54	12
55	12
56	12
57	12
58	12
59	12
61	12
62	12
63	12
64	12
65	12
66	12
67	12
68	12
1	11
2	11
3	11
4	11
5	11
6	11
7	11
8	11
9	11
10	11
11	11
12	11
13	11
14	11
16	11
17	11
18	11
19	11
20	11
21	11
22	11
23	11
24	11
25	11
26	11
27	11
29	11
30	11
31	11
32	11
33	11
34	11
35	11
36	11
37	11
38	11
39	11
40	11
42	11
43	11
44	11
45	11
46	11
47	11
48	11
49	11
50	11
51	11
52	11
53	11
55	11
56	11
57	11
58	11
59	11
60	11
61	11
62	11
63	11
64	11
66	11
67	11
68	11
65	11
1	10
2	10
4	10
5	10
6	10
7	10
8	10
9	10
10	10
11	10
12	10
13	10
14	10
15	10
16	10
17	10
19	10
20	10
21	10
22	10
23	10
24	10
25	10
26	10
27	10
28	10
29	10
31	10
32	10
33	10
34	10
35	10
36	10
37	10
38	10
39	10
40	10
41	10
42	10
44	10
45	10
46	10
47	10
48	10
49	10
50	10
51	10
52	10
53	10
54	10
55	10
57	10
58	10
59	10
60	10
61	10
62	10
63	10
65	10
66	10
67	10
68	10
1	9
2	9
3	9
4	9
5	9
7	9
8	9
9	9
10	9
11	9
13	9
14	9
15	9
16	9
18	9
17	9
20	9
21	9
22	9
23	9
24	9
26	9
27	9
28	9
29	9
30	9
31	9
33	9
34	9
35	9
36	9
37	9
38	9
40	9
41	9
42	9
43	9
44	9
45	9
47	9
48	9
49	9
50	9
51	9
52	9
54	9
55	9
56	9
57	9
58	9
59	9
61	9
62	9
63	9
64	9
65	9
66	9
68	9
2	8
3	8
4	8
5	8
6	8
7	8
9	8
10	8
11	8
12	8
13	8
15	8
16	8
17	8
18	8
19	8
21	8
22	8
23	8
25	8
26	8
27	8
28	8
30	8
31	8
32	8
33	8
34	8
36	8
37	8
38	8
39	8
41	8
42	8
43	8
44	8
45	8
47	8
48	8
49	8
50	8
52	8
53	8
54	8
56	8
57	8
58	8
60	8
61	8
62	8
64	8
66	8
67	8
68	8
1	7
2	7
4	7
5	7
6	7
8	7
9	7
10	7
12	7
13	7
14	7
16	7
17	7
19	7
20	7
22	7
23	7
24	7
26	7
27	7
28	7
29	7
31	7
32	7
33	7
35	7
36	7
37	7
39	7
40	7
41	7
43	7
44	7
46	7
47	7
48	7
50	7
51	7
52	7
53	7
55	7
56	7
57	7
59	7
60	7
62	7
63	7
65	7
66	7
68	7
1	6
3	6
4	6
6	6
7	6
9	6
11	6
12	6
14	6
15	6
17	6
18	6
20	6
21	6
23	6
25	6
26	6
28	6
29	6
30	6
32	6
34	6
36	6
38	6
40	6
41	6
42	6
44	6
45	6
47	6
48	6
49	6
51	6
52	6
54	6
56	6
58	6
59	6
61	6
62	6
64	6
67	6
68	6
65	6
1	5
2	5
4	5
6	5
8	5
9	5
10	5
12	5
13	5
15	5
16	5
18	5
20	5
22	5
24	5
26	5
27	5
29	5
31	5
33	5
35	5
37	5
39	5
41	5
43	5
45	5
46	5
48	5
50	5
51	5
53	5
55	5
57	5
59	5
60	5
62	5
63	5
65	5
67	5
68	5
1	4
3	4
5	4
7	4
9	4
11	4
14	4
17	4
19	4
21	4
23	4
25	4
28	4
30	4
32	4
34	4
36	4
38	4
40	4
42	4
45	4
47	4
49	4
52	4
54	4
58	4
61	4
64	4
66	4
68	4
1	3
4	3
6	3
8	3
11	3
14	3
16	3
19	3
22	3
25	3
28	3
31	3
35	3
39	3
43	3
46	3
50	3
53	3
56	3
59	3
63	3
67	3
2	2
7	2
12	2
17	2
21	2
26	2
30	2
34	2
38	2
44	2
49	2
55	2
61	2
66	2
4	1
11	1
18	1
27	1
36	1
43	1
51	1
64	1
1	15
2	15
3	15
4	15
5	15
6	15
7	15
8	15
9	15
10	15
11	15
12	15
13	15
14	15
15	15
16	15
17	15
18	15
19	15
20	15
21	15
22	15
23	15
24	15
25	15
26	15
27	15
28	15
29	15
30	15
31	15
32	15
33	15
34	15
35	15
36	15
37	15
38	15
39	15
40	15
41	15
42	15
43	15
44	15
45	15
46	15
47	15
48	15
49	15
50	15
51	15
52	15
53	15
54	15
55	15
56	15
57	15
58	15
59	15
60	15
61	15
62	15
63	15
64	15
65	15
66	15
67	15
68	15
1	16
2	16
3	16
4	16
5	16
6	16
7	16
8	16
9	16
10	16
11	16
12	16
13	16
14	16
15	16
16	16
17	16
18	16
19	16
20	16
21	16
22	16
23	16
24	16
25	16
26	16
27	16
28	16
29	16
30	16
31	16
32	16
33	16
34	16
35	16
36	16
37	16
38	16
39	16
40	16
41	16
42	16
43	16
44	16
45	16
46	16
47	16
48	16
49	16
50	16
51	16
52	16
53	16
54	16
55	16
56	16
57	16
58	16
59	16
60	16
61	16
62	16
63	16
64	16
65	16
66	16
67	16
68	16
1	17
2	17
3	17
4	17
5	17
6	17
7	17
8	17
9	17
10	17
11	17
12	17
13	17
14	17
15	17
16	17
17	17
18	17
19	17
20	17
21	17
22	17
23	17
24	17
25	17
26	17
27	17
28	17
29	17
30	17
31	17
32	17
33	17
34	17
35	17
36	17
37	17
38	17
39	17
40	17
41	17
42	17
43	17
44	17
45	17
46	17
47	17
48	17
49	17
50	17
51	17
52	17
53	17
54	17
55	17
56	17
57	17
58	17
59	17
60	17
61	17
62	17
63	17
64	17
65	17
66	17
67	17
68	17
2	18
3	18
4	18
5	18
6	18
7	18
8	18
9	18
10	18
11	18
12	18
13	18
14	18
15	18
16	18
17	18
18	18
19	18
20	18
21	18
22	18
23	18
24	18
25	18
26	18
27	18
28	18
29	18
30	18
31	18
32	18
33	18
34	18
35	18
36	18
37	18
38	18
39	18
40	18
41	18
42	18
43	18
44	18
45	18
46	18
47	18
48	18
49	18
50	18
51	18
52	18
53	18
54	18
55	18
56	18
57	18
58	18
59	18
60	18
61	18
62	18
63	18
64	18
65	18
66	18
67	18
1	19
2	19
3	19
5	19
6	19
7	19
8	19
9	19
10	19
11	19
12	19
13	19
14	19
15	19
16	19
17	19
18	19
19	19
20	19
21	19
22	19
23	19
24	19
26	19
27	19
28	19
29	19
30	19
31	19
32	19
33	19
34	19
35	19
36	19
37	19
38	19
39	19
40	19
41	19
42	19
43	19
44	19
45	19
46	19
47	19
48	19
50	19
51	19
52	19
53	19
54	19
55	19
56	19
57	19
58	19
59	19
60	19
61	19
62	19
63	19
64	19
66	19
67	19
68	19
1	20
2	20
3	20
4	20
5	20
6	20
7	20
8	20
10	20
11	20
12	20
13	20
14	20
16	20
17	20
18	20
19	20
20	20
21	20
22	20
24	20
25	20
26	20
27	20
28	20
29	20
30	20
32	20
33	20
34	20
35	20
36	20
37	20
38	20
40	20
41	20
42	20
43	20
44	20
45	20
46	20
48	20
49	20
50	20
51	20
52	20
53	20
54	20
56	20
57	20
58	20
59	20
60	20
61	20
62	20
64	20
65	20
66	20
67	20
68	20
2	21
3	21
4	21
5	21
6	21
8	21
9	21
10	21
11	21
12	21
14	21
15	21
16	21
17	21
18	21
19	21
20	21
22	21
23	21
24	21
25	21
26	21
28	21
29	21
30	21
31	21
32	21
33	21
35	21
36	21
37	21
38	21
39	21
41	21
42	21
43	21
45	21
46	21
47	21
49	21
50	21
51	21
52	21
53	21
55	21
56	21
57	21
58	21
59	21
60	21
62	21
63	21
64	21
65	21
67	21
68	21
1	22
2	22
3	22
5	22
6	22
7	22
9	22
10	22
11	22
13	22
14	22
15	22
17	22
18	22
19	22
21	22
22	22
23	22
24	22
26	22
27	22
28	22
30	22
31	22
32	22
34	22
35	22
36	22
38	22
39	22
40	22
42	22
43	22
44	22
46	22
47	22
48	22
50	22
51	22
52	22
54	22
55	22
56	22
58	22
59	22
60	22
62	22
63	22
64	22
66	22
67	22
68	22
1	23
2	23
4	23
5	23
7	23
10	23
12	23
8	23
13	23
15	23
16	23
18	23
20	23
21	23
23	23
24	23
25	23
27	23
29	23
30	23
32	23
33	23
35	23
36	23
38	23
40	23
41	23
43	23
45	23
46	23
48	23
49	23
51	23
53	23
54	23
56	23
57	23
59	23
60	23
62	23
63	23
65	23
66	23
68	23
44	23
9	23
1	24
3	24
4	24
6	24
7	24
9	24
11	24
12	24
14	24
15	24
17	24
18	24
20	24
22	24
23	24
25	24
26	24
28	24
29	24
31	24
33	24
34	24
36	24
38	24
39	24
41	24
43	24
44	24
46	24
47	24
49	24
50	24
52	24
54	24
56	24
58	24
59	24
61	24
62	24
64	24
66	24
67	24